20
20,1
108,6
64,4
112,8
96,8
20
40,2
126,7
32,2
112,8
108,9
23
160,8
108,6
80,5
28,2
96,8
21
180,9
72,4
64,4
42,3
96,8
25
100,5
36,2
96,6
126,9
36,3
24
20,1
54,3
64,4
98,7
48,4
20
40,2
126,7
112,7
98,7
84,7
21
60,3
108,6
16,1
140,10
12,1
25
160,8
36,2
128,8
98,7
72,6
20
140,7
180,10
144,9
84,6
36,3
21
180,9
126,7
160,10
28,2
108,9
23
80,4
90,5
80,5
98,7
72,6
20
120,6
54,3
16,1
56,4
84,7
22
160,8
90,5
80,5
56,4
84,7
25
100,5
36,2
96,6
140,10
60,5
24
40,2
54,3
160,10
84,6
24,2
23
20,1
18,1
144,9
112,8
24,2
22
120,6
36,2
112,7
14,1
48,4
21
140,7
18,1
96,6
56,4
108,9
22
160,8
144,8
48,3
140,10
48,4
21
20,1
144,8
144,9
126,9
12,1
23
60,3
180,10
96,6
42,3
60,5
24
160,8
54,3
144,9
28,2
36,3
20
140,7
90,5
64,4
140,10
48,4
20
100,5
18,1
64,4
42,3
72,6
22
40,2
90,5
160,10
140,10
36,3
25
160,8
18,1
160,10
112,8
36,3
20
200,10
18,1
48,3
70,5
60,5
25
160,8
18,1
128,8
42,3
12,1
23
40,2
144,8
128,8
42,3
72,6
23
20,1
126,7
112,7
42,3
48,4
20
60,3
162,9
96,6
70,5
12,1
25
160,8
72,4
144,9
140,10
48,4
20
100,5
54,3
144,9
42,3
96,8
24
140,7
90,5
128,8
112,8
48,4
20
180,9
108,6
48,3
56,4
72,6
23
40,2
108,6
144,9
126,9
60,5
23
120,6
54,3
112,7
42,3
72,6
20
60,3
36,2
16,1
14,1
96,8
24
160,8
72,4
16,1
98,7
84,7
20
120,6
108,6
80,5
112,8
36,3
20
200,10
126,7
32,2
56,4
84,7
23
200,10
36,2
48,3
98,7
12,1
22
160,8
126,7
80,5
28,2
96,8
22
60,3
108,6
32,2
42,3
24,2
23
120,6
54,3
32,2
112,8
48,4
25
80,4
180,10
96,6
56,4
48,4
21
120,6
54,3
80,5
56,4
24,2
20
40,2
72,4
160,10
126,9
120,10
25
120,6
180,10
160,10
112,8
48,4
20
140,7
162,9
48,3
98,7
24,2
20
40,2
126,7
32,2
126,9
84,7
23
40,2
54,3
112,7
14,1
60,5
25
140,7
162,9
144,9
14,1
72,6
22
140,7
162,9
80,5
98,7
24,2
23
60,3
108,6
112,7
140,10
96,8
24
180,9
36,2
32,2
126,9
84,7
25
20,1
54,3
128,8
140,10
48,4
25
160,8
180,10
16,1
70,5
12,1
24
100,5
144,8
80,5
84,6
72,6
23
80,4
90,5
32,2
14,1
60,5
20
200,10
126,7
16,1
98,7
12,1
22
80,4
54,3
96,6
98,7
96,8
22
120,6
18,1
64,4
42,3
120,10
21
200,10
90,5
48,3
56,4
12,1
22
100,5
18,1
160,10
112,8
108,9
24
140,7
180,10
144,9
112,8
36,3
20
80,4
108,6
112,7
98,7
84,7
25
120,6
18,1
96,6
126,9
48,4
25
120,6
162,9
144,9
140,10
12,1
21
160,8
36,2
112,7
126,9
72,6
24
40,2
180,10
144,9
42,3
120,10
23
180,9
72,4
32,2
84,6
48,4
21
200,10
144,8
128,8
14,1
48,4
23
60,3
126,7
64,4
84,6
36,3
23
100,5
126,7
48,3
112,8
60,5
25
100,5
162,9
64,4
84,6
72,6
24
60,3
126,7
16,1
84,6
108,9
20
120,6
72,4
144,9
28,2
96,8
23
160,8
54,3
128,8
42,3
48,4
24
120,6
72,4
64,4
126,9
60,5
21
200,10
108,6
160,10
56,4
24,2
25
120,6
180,10
64,4
70,5
12,1
21
60,3
126,7
48,3
14,1
60,5
24
200,10
126,7
112,7
14,1
120,10
23
40,2
72,4
96,6
112,8
12,1
25
60,3
90,5
112,7
98,7
60,5
25
140,7
108,6
32,2
84,6
24,2
21
100,5
36,2
64,4
84,6
48,4
24
80,4
54,3
160,10
140,10
24,2
22
200,10
72,4
32,2
126,9
84,7
23
200,10
180,10
128,8
84,6
36,3
22
140,7
108,6
48,3
140,10
84,7
24
40,2
18,1
16,1
126,9
12,1
25
100,5
162,9
160,10
126,9
12,1
23
180,9
108,6
16,1
42,3
24,2
21
100,5
36,2
160,10
126,9
84,7
20
200,10
72,4
112,7
70,5
48,4
21
100,5
144,8
128,8
70,5
108,9
20
180,9
54,3
96,6
126,9
48,4
